3.897099304233587524e+00
5.676638444561780794e+00
7.159041105179673181e+00
8.323681989771534617e+00
9.199400684893724645e+00
9.975842667686201537e+00
1.067296398465180474e+01
1.110634870251098150e+01
1.141422193823567177e+01
1.161279729015302387e+01
1.186082888629074539e+01
1.201797349865472775e+01
1.195393976580471040e+01
1.238264293395537941e+01
1.205510060787416649e+01
1.226511083858050988e+01
1.246814336110567822e+01
1.221058104862414240e+01
3.572897105936110457e-02
3.816995002945239995e-02
3.952972950483323727e-02
4.255340148614487894e-02
4.437919734381040593e-02
4.775398838446164723e-02
4.998134276901485679e-02
5.353203410531920392e-02
5.742890689203747345e-02
6.075873711071005240e-02
6.417719303854468871e-02
6.735747300289555983e-02
7.282194494575915111e-02
7.700086182017404357e-02
7.866545192777948947e-02
8.609833704057626158e-02
8.124710295100893986e-02
9.142528598783773719e-02
